1.224254 71
2.691828 67
0.000423 67
111.813477 1
0.151204 1
0.241408 1
0.448346 1
0.100254 1
2.995885 1
0.171888 1
0.217332 1
0.206042 1
0.915372 1
0.336683 1
0.135703 1
0.156033 1
3.040182 1
0.413184 1
0.120558 1
2.659236 1
0.151068 1
0.130860 1
0.209670 1
7.538156 1
0.227746 1
0.749058 1
0.172483 1
0.784368 1
0.111268 1
1.372142 1
2.667719 1
0.342470 1
2.220330 1
0.145373 1
0.122078 1
9.129762 1
0.461389 1
0.232578 1
0.426973 1
0.552890 1
0.226013 1
0.653332 1
0.840582 11
0.017082 32
2.008623 2
0.182742 71
13.530833 39
0.540629 4
0.499786 4
0.031188 4
0.029709 4
0.029455 4
0.030211 4
0.031676 4
0.028399 4
0.030120 4
0.029583 4
0.029715 4
0.031355 4
0.029140 4
0.030319 4
0.030385 4
0.028519 4
0.030788 4
0.029774 4
0.030150 4
0.029825 4
0.112335 4
0.131814 4
0.115867 4
0.125013 4
17.308078 4
0.152051 4
0.125065 4
0.120655 4
0.092072 4
0.162122 4
0.155697 4
0.166067 4
0.226396 4
0.684778 4
0.191862 4
2.040802 4
1.045230 1
0.337769 1
0.215552 1
0.291761 1
0.146788 1
0.216720 1
1.377868 4
0.422773 1
0.170784 1
0.231392 1
0.196901 1
0.552760 1
2.722548 1
0.452407 1
0.321927 1
0.397887 1
0.799278 1
0.127074 1
0.456436 1
1.508591 2
0.000055 9
0.087928 65
0.001093 71
0.034428 111
0.064696 74
0.002128 60
0.014263 25
8.028145 2
0.000496 169
4.532233 2
0.056982 54
0.010196 235
7.540054 1
0.237548 1
0.381628 1
0.288066 1
0.990289 1
0.408839 1
0.212380 1
0.447768 2
0.000036 31
3.899259 1
0.201074 2
0.000109 35
1.182414 1
0.207024 2
0.000111 37
0.617424 1
0.186566 2
0.000135 18
2.507921 1
0.457456 2
0.021733 60
1.194136 1
0.469788 2
0.017818 71
405.352732 2
0.126206 2
0.348382 2
0.282438 2
0.072171 1
0.673217 4
0.132191 4
0.235321 4
0.103231 4
0.120167 4
0.125797 1
0.890756 1
0.150901 1
0.352625 4
0.417093 1
0.171699 1
0.622867 1
0.080719 1
0.809277 1
0.121522 1
0.243373 1
0.150318 1
0.267370 1
0.654555 1
0.126340 1
8.347433 1
0.186119 1
0.343311 1
0.502785 1
0.225957 1
1.145051 1
0.970592 11
0.031536 25
8.743877 2
0.000119 169
7.203264 2
0.053278 54
0.017843 71
27.485304 1
0.696002 1
0.312592 1
0.699230 1
0.232562 1
0.269741 1
0.979510 1
0.181594 1
0.287325 1
0.382534 11
0.015823 14
2.123212 2
0.076750 29
0.000062 83
7.198883 2
0.000075 2
0.000544 29
0.000244 83
1.957674 2
2.299961 2
0.000745 29
0.000290 83
0.144759 2
0.000719 29
0.000295 83
1.166314 2
0.527257 2
0.302030 2
0.000080 2
0.000630 29
0.000223 83
1.683392 2
0.015212 71
26.704771 1
0.145743 1
0.186062 1
1.754819 1
0.250338 1
0.642670 1
0.467035 1
0.242316 1
0.468945 11
0.003922 90
0.011559 71
9.894677 8
0.172424 5
0.149531 23
0.121546 28
0.121869 49
0.135417 129
0.131460 203
0.283512 27
0.164794 40
0.156481 33
0.157281 28
0.130233 34
0.141826 56
0.155472 187
0.178551 11
0.225248 24
0.191261 22
0.201745 19
0.236865 22
0.182278 19
0.143256 35
0.121172 42
0.151892 38
0.136473 32
0.131531 36
0.337700 35
0.160524 36
0.117667 31
0.195229 39
0.338062 34
0.179932 37
0.167855 32
0.209516 26
0.160982 54
0.165541 15
0.169438 89
0.395327 11
0.368324 26
0.196234 69
0.251315 21
0.267446 15
0.230885 9
0.298220 26
0.256787 43
0.207663 6
0.296282 90
0.192523 22
0.220444 27
0.222485 18
0.255521 2
0.368069 9
1.562770 17
0.197212 27
0.417105 27
0.317901 14
0.366550 34
0.412247 38
0.305892 15
0.165975 69
0.167410 197
0.439635 12
0.395973 13
0.217314 26
0.517241 37
1.237349 44
2.213605 4
0.155354 4
0.147217 4
0.369128 4
1.014256 1
0.327713 1
0.299705 1
0.827401 1
0.292242 1
0.819525 1
0.223090 2
0.000016 9
0.029174 29
0.000083 83
4.257644 2
0.017463 71
25.249198 1
0.188909 11
0.022954 204
0.012727 71
2.698931 1
0.327512 1
0.418228 1
0.457352 1
0.145671 1
0.859999 1
0.191284 11
0.188370 187
0.022154 71
13.681407 6
0.291633 10
0.199788 15
0.379298 22
0.505367 5
0.318757 23
3.036644 11
0.020092 25
11.401843 2
0.011396 55
5.290906 89
6.737027 2
0.000021 188
4.654485 53
0.000548 150
0.015290 71
1.256974 18
0.672310 11
0.021440 25
9.447075 2
0.000030 188
9.333757 2
0.051016 54
0.016239 71
2.347132 18
0.224228 29
0.291325 10
0.383503 15
1.322414 22
2.426346 1
0.288393 1
0.866581 5
0.384121 3
0.146928 3
0.539251 11
0.006930 14
21.554854 2
2.417043 2
0.191045 61
0.011673 82
0.011989 71
5.235865 9
0.580953 11
0.007059 14
26.434385 2
1.462831 2
0.172275 2
0.160356 2
0.151559 2
0.147203 2
0.633336 61
0.021653 82
0.012535 82
0.011278 82
0.010830 82
0.011581 82
0.011462 71
13.706272 9
0.387946 23
0.262641 29
0.853871 10
0.358932 15
0.340806 22
0.742551 18
1.506357 11
0.030863 29
0.000062 83
4.292003 2
0.015766 71
13.249601 14
0.585505 23
0.449775 23
1.187031 11
0.020620 25
4.442998 2
0.010475 55
4.638777 2
0.056598 54
0.015761 71
4.849837 18
0.261370 40
0.362902 23
1.280048 11
0.006997 14
4.653596 2
0.089120 29
0.000170 83
10.733144 2
0.014987 71
12.549972 9
0.299530 23
0.010254 27
0.234835 23
0.216602 40
0.208377 23
0.683418 19
0.904505 23
0.190683 23
1.100119 29
0.308653 10
0.361718 15
0.345912 22
1.522947 18
1.452255 11
0.028368 29
0.000184 83
5.740965 4
0.499765 4
0.033259 4
0.031037 4
0.026746 4
0.035299 4
0.024801 4
0.029797 4
4.486315 2
0.000216 44
0.000538 29
0.000213 83
1.612602 2
0.016644 71
0.537684 11
0.000049 6
